7.201943957290120579e+01 -5.417994456321633123e+01
6.435293675762727617e+01 -5.114854971077140533e+01
7.126476355034536425e+01 -5.158794343780061098e+01
7.910669096052275506e+01 -5.895930437887704301e+01
8.302069384555231579e+01 -5.753813116092903357e+01
7.416429257997108948e+01 -5.959279897631872558e+01
7.909626200700080290e+01 -5.610900185420197772e+01
6.724318601907276616e+01 -4.603892525625031595e+01
7.451031329339834031e+01 -5.684747745264617436e+01
7.083324913726377758e+01 -4.543685388731341135e+01
8.535831368760840121e+01 -5.930821037682898833e+01
6.529084451939885980e+01 -5.631304163028918452e+01
7.375059791961191991e+01 -4.477707477952871784e+01
7.558533335553363486e+01 -5.157654817569279260e+01
6.964434469884723455e+01 -5.668960911892389021e+01
6.548596096175073455e+01 -4.794235789698979744e+01
7.435313256535187065e+01 -4.701698399871057177e+01
7.696175580740977296e+01 -5.392920768684891186e+01
6.516236126781757321e+01 -5.956051080521905305e+01
6.968439491686358167e+01 -5.957575745319319793e+01
6.706328628927387570e+01 -5.329322026574583759e+01
6.796523630484659861e+01 -5.014279642071284826e+01
7.381537815846043316e+01 -4.923807107013484341e+01
7.020578846638539972e+01 -4.806243642884256673e+01
